3
4
5
23
24
36
39
40
43
44
46
53
55
56
58
69
76
77
78
79
98
102
108
109
110
113
118
122
145
146
150
151
155
156
157
163
176
180
181
182
183
184
186
189
209
220
229
294
303
311
315
320
321
322
331
334
344
345
346
347
349
364
365
374
380
392
394
395
399
400
401
402
427
455
460
464
486
495
502
525
528
543
550
556
557
564
578
585
587
592
596
597
624
626
629
634
635
636
673
674
677
679
684
764
765
766
767
769
780
795
803
847
848
851
873
874
875
902
922
926
933
935
937
938
940
942
943
949
951
952
953
966
967
968
1051
1075
1076
1081
1086
1087
1088
1103
1107
1167
1171
1172
1179
1180
1189
1190
1196
1198
1200
1203
1205
1209
1217
1221
1228
1263
1268
1273
1305
1312
1314
1317
1330
1331
1332
1337
1338
1342
1344
1349
1350
1353
1358
1359
1360
1370
1380
1383
1384
1417
1418
1432
1433
1439
1445
1453
1461
1464
1499
1500
1506
1507
